version https://git-lfs.github.com/spec/v1
oid sha256:bd2fb5596b189a38aa5c70426cc988fdac07849097fcf966f10ad5ce69afa39e
size 10333519
