version https://git-lfs.github.com/spec/v1
oid sha256:03a7258d65d7a27ca8a36f79f80918b5a242e7bbc77086b29a19b30866193700
size 9924255
